
##################. 1   
bbox_v1_t12 = [-0.03, 0.12, -0.067, 0.041, 0.2, 0.0]
bbox_v1_v2 = [-0.03, 0.12, -0.1, 0.041, 0.2, -0.08]
bbox_v2_v1 = [-0.03, 0.12, -0.1, 0.041, 0.2, -0.08]
bbox_v2_v3 = [-0.03, 0.12, -0.15, 0.041, 0.2, -0.12]
bbox_v3_v2 = [-0.03, 0.12, -0.135, 0.041, 0.19, -0.12]
bbox_v3_v4 = [-0.03, 0.12, -0.18, 0.041, 0.19, -0.155]
bbox_v4_v3 = [-0.03, 0.12, -0.17, 0.041, 0.19, -0.151]
bbox_v4_v5 = [-0.03, 0.12, -0.21, 0.041, 0.19, -0.193]
bbox_v5_v4 = [-0.03, 0.12, -0.21, 0.041, 0.192, -0.185]
bbox_v5_s1 = [-0.03, 0.123, -0.24, 0.041, 0.21, -0.22]

bbox_bone_v1_v2 = [-0.03, 0.21, -0.12, 0.041, 0.224, -0.09]
bbox_bone_v2_v1 = [-0.02, 0.21, -0.11, 0.03, 0.23, -0.09]
bbox_bone_v2_v3 = [-0.02, 0.21, -0.17, 0.03, 0.22, -0.12]
bbox_bone_v3_v2 = [-0.02, 0.20, -0.145, 0.03, 0.22, -0.12]
bbox_bone_v3_v4 = [-0.02, 0.19, -0.18, 0.03, 0.215, -0.15]
bbox_bone_v4_v3 = [-0.02, 0.19, -0.18, 0.03, 0.215, -0.15]
bbox_bone_v4_v5 = [-0.02, 0.20, -0.21, 0.03, 0.22, -0.18]
bbox_bone_v5_v4 = [-0.02, 0.195, -0.2, 0.03, 0.22, -0.18]

###################  2
bbox_v1_t12 = [-0.04, 0.17, -0.222, 0.03, 0.22, -0.21]
bbox_v1_v2 = [-0.04, 0.17, -0.25, 0.03, 0.215, -0.232]
bbox_v2_v1 = [-0.04, 0.17, -0.25, 0.03, 0.215, -0.21]
bbox_v2_v3 = [-0.04, 0.17, -0.28, 0.03, 0.215, -0.266]
bbox_v3_v2 = [-0.04, 0.17, -0.282, 0.03, 0.213, -0.266]
bbox_v3_v4 = [-0.04, 0.17, -0.31, 0.03, 0.213, -0.295]
bbox_v4_v3 = [-0.04, 0.17, -0.313, 0.03, 0.213, -0.295]
bbox_v4_v5 = [-0.04, 0.17, -0.34, 0.03, 0.218, -0.327]
bbox_v5_v4 = [-0.023, 0.17, -0.35, 0.026, 0.215, -0.327]
bbox_v5_s1 = [-0.04, 0.19, -0.38, 0.03, 0.22, -0.35]

bbox_bone_v1_v2 = [-0.025, 0.22, -0.26, 0.02, 0.24, -0.238]
bbox_bone_v2_v1 = [-0.03, 0.22, -0.255, 0.02, 0.24, -0.238]
bbox_bone_v2_v3 = [-0.03, 0.22, -0.29, 0.02, 0.24, -0.27]
bbox_bone_v3_v2 = [-0.03, 0.22, -0.28, 0.022, 0.24, -0.26]
bbox_bone_v3_v4 = [-0.028, 0.22, -0.315, 0.022, 0.243, -0.29]
bbox_bone_v4_v3 = [-0.028, 0.22, -0.315, 0.025, 0.243, -0.29]
bbox_bone_v4_v5 = [-0.028, 0.22, -0.35, 0.025, 0.243, -0.32]
bbox_bone_v5_v4 = [-0.028, 0.22, -0.34, 0.025, 0.243, -0.318]

################# 3
bbox_v1_t12 = [-0.04, 0.20, -0.21, 0.03, 0.25, -0.19]
bbox_v1_v2 = [-0.04, 0.20, -0.26, 0.03, 0.238, -0.22]
bbox_v2_v1 = [-0.04, 0.2, -0.24, 0.03, 0.235, -0.22]
bbox_v2_v3 = [-0.04, 0.19, -0.27, 0.03, 0.232, -0.25]
bbox_v3_v2 = [-0.04, 0.19, -0.27, 0.03, 0.23, -0.25]
bbox_v3_v4 = [-0.04, 0.18, -0.3, 0.03, 0.217, -0.286]
bbox_v4_v3 = [-0.04, 0.18, -0.305, 0.03, 0.217, -0.286]
bbox_v4_v5 = [-0.04, 0.17, -0.34, 0.03, 0.218, -0.327]
bbox_v5_v4 = [-0.04, 0.18, -0.34, 0.027, 0.215, -0.33]
bbox_v5_s1 = [-0.04, 0.18, -0.37, 0.027, 0.215, -0.355]

bbox_bone_v1_v2 = [-0.027, 0.245, -0.26, 0.018, 0.26, -0.23]
bbox_bone_v2_v1 = [-0.027, 0.245, -0.255, 0.018, 0.26, -0.23]
bbox_bone_v2_v3 = [-0.027, 0.235, -0.29, 0.018, 0.255, -0.27]
bbox_bone_v3_v2 = [-0.027, 0.235, -0.285, 0.018, 0.255, -0.27]
bbox_bone_v3_v4 = [-0.027, 0.23, -0.31, 0.018, 0.25, -0.29]
bbox_bone_v4_v3 = [-0.027, 0.23, -0.31, 0.028, 0.25, -0.29]
bbox_bone_v4_v5 = [-0.027, 0.218, -0.35, 0.028, 0.237, -0.32]
bbox_bone_v5_v4 = [-0.027, 0.218, -0.34, 0.028, 0.237, -0.32]

################# 4
bbox_v1_t12 = [-0.02, 0.221, -0.055, 0.05, 0.26, -0.04]
bbox_v1_v2 = [-0.02, 0.221, -0.09, 0.05, 0.26, -0.075]
bbox_v2_v1 = [-0.02, 0.219, -0.09, 0.05, 0.255, -0.075]
bbox_v2_v3 = [-0.02, 0.219, -0.12, 0.051, 0.255, -0.11]
bbox_v3_v2 = [-0.02, 0.21, -0.126, 0.05, 0.253, -0.11]
bbox_v3_v4 = [-0.02, 0.21, -0.16, 0.05, 0.253, -0.148]
bbox_v4_v3 = [-0.02, 0.21, -0.165, 0.05, 0.253, -0.15]
bbox_v4_v5 = [-0.02, 0.21, -0.2, 0.05, 0.253, -0.187]
bbox_v5_v4 = [-0.02, 0.21, -0.205, 0.05, 0.253, -0.19]
bbox_v5_s1 = [-0.02, 0.21, -0.24, 0.05, 0.253, -0.226]

bbox_bone_v1_v2 = [-0.02, 0.265, -0.1, 0.05, 0.285, -0.07]
bbox_bone_v2_v1 = [-0.01, 0.265, -0.1, 0.045, 0.285, -0.07]
bbox_bone_v2_v3 = [-0.01, 0.265, -0.14, 0.045, 0.285, -0.115]
bbox_bone_v3_v2 = [-0.01, 0.265, -0.135, 0.045, 0.285, -0.115]
bbox_bone_v3_v4 = [-0.01, 0.265, -0.165, 0.045, 0.285, -0.148]
bbox_bone_v4_v3 = [-0.01, 0.265, -0.167, 0.045, 0.285, -0.148]
bbox_bone_v4_v5 = [-0.01, 0.265, -0.2, 0.045, 0.285, -0.18]
bbox_bone_v5_v4 = [-0.01, 0.265, -0.2, 0.045, 0.285, -0.18]

################# 5
bbox_v1_t12 = [0.068, 0.195, -0.220, 0.078, 0.24, -0.178]
bbox_v1_v2 = [0.026, 0.195, -0.210, 0.055, 0.24, -0.184]
bbox_v2_v1 = [0.035, 0.195, -0.210, 0.055, 0.24, -0.184]
bbox_v2_v3 = [0.001, 0.195, -0.220, 0.025, 0.24, -0.192]
bbox_v3_v2 = [0.001, 0.195, -0.220, 0.025, 0.24, -0.192]
bbox_v3_v4 = [-0.1, 0.19, -0.220, -0.007, 0.24, -0.19]
bbox_v4_v3 = [-0.025, 0.19, -0.220, -0.007, 0.24, -0.19]
bbox_v4_v5 = [-0.11, 0.19, -0.220, -0.042, 0.24, -0.19]
bbox_v5_v4 = [-0.06, 0.19, -0.220, -0.042, 0.24, -0.182]
bbox_v5_s1 = [-0.083, 0.19, -0.210, -0.0715, 0.24, -0.172]

bbox_bone_v1_v2 = [0.02, 0.185, -0.181, 0.05, 0.235, -0.157]
bbox_bone_v2_v1 = [0.03, 0.185, -0.187, 0.05, 0.24, -0.165]
bbox_bone_v2_v3 = [-0.01, 0.185, -0.187, 0.023, 0.24, -0.165]
bbox_bone_v3_v2 = [0, 0.185, -0.190, 0.2, 0.24, -0.165]
bbox_bone_v3_v4 = [-0.025, 0.185, -0.190, -0.005, 0.24, -0.165]
bbox_bone_v4_v3 = [-0.025, 0.185, -0.190, 0.01, 0.24, -0.165]
bbox_bone_v4_v5 = [-0.051, 0.14, -0.170, -0.025, 0.245, -0.155]
bbox_bone_v5_v4 = [-0.051, 0.14, -0.170, 0.0, 0.245, -0.155]

############    6   ###############
bbox_v1_t12 = [-0.026, 0.192, -0.215, 0.047, 0.233, -0.200]
bbox_v1_v2 = [-0.026, 0.192, -0.256, 0.047, 0.233, -0.225]
bbox_v2_v1 = [-0.026, 0.192, -0.242, 0.047, 0.228, -0.225]
bbox_v2_v3 = [-0.026, 0.18, -0.265, 0.047, 0.222, -0.255]
bbox_v3_v2 = [-0.026, 0.18, -0.27, 0.047, 0.222, -0.255]
bbox_v3_v4 = [-0.026, 0.18, -0.3, 0.047, 0.222, -0.284]
bbox_v4_v3 = [-0.015, 0.15, -0.301, 0.047, 0.218, -0.284]
bbox_v4_v5 = [-0.015, 0.15, -0.327, 0.047, 0.218, -0.315]
bbox_v5_v4 = [-0.026, 0.15, -0.327, 0.047, 0.218, -0.31]
bbox_v5_s1 = [-0.03, 0.15, -0.36, 0.047, 0.23, -0.339]

bbox_bone_v1_v2 = [-0.005, 0.233, -0.25, 0.029, 0.26, -0.225]
bbox_bone_v2_v1 = [-0.02, 0.233, -0.25, 0.039, 0.25, -0.225]
bbox_bone_v2_v3 = [-0.02, 0.225, -0.275, 0.039, 0.245, -0.25]
bbox_bone_v3_v2 = [-0.02, 0.225, -0.275, 0.039, 0.245, -0.25]
bbox_bone_v3_v4 = [-0.02, 0.225, -0.305, 0.047, 0.245, -0.28]
bbox_bone_v4_v3 = [-0.02, 0.22, -0.3, 0.047, 0.24, -0.28]
bbox_bone_v4_v5 = [-0.02, 0.22, -0.325, 0.047, 0.24, -0.3]
bbox_bone_v5_v4 = [-0.02, 0.22, -0.325, 0.047, 0.24, -0.3]

###################### 7
bbox_v1_t12 = [-0.037, 0.176, -0.12, 0.034, 0.22, -0.103]
bbox_v1_v2 = [-0.037, 0.176, -0.138, 0.034, 0.214, -0.124]
bbox_v2_v1 = [-0.037, 0.17, -0.145, 0.034, 0.208, -0.125]
bbox_v2_v3 = [-0.037, 0.16, -0.167, 0.034, 0.2, -0.153]
bbox_v3_v2 = [-0.037, 0.16, -0.175, 0.034, 0.197, -0.153]
bbox_v3_v4 = [-0.037, 0.16, -0.195, 0.034, 0.197, -0.184]
bbox_v4_v3 = [-0.037, 0.16, -0.205, 0.034, 0.197, -0.19]
bbox_v4_v5 = [-0.037, 0.16, -0.23, 0.034, 0.197, -0.215]
bbox_v5_v4 = [-0.037, 0.16, -0.23, 0.02, 0.207, -0.215]
bbox_v5_s1 = [-0.037, 0.16, -0.26, 0.02, 0.207, -0.24]

bbox_bone_v1_v2 = [-0.025, 0.215, -0.155, 0.025, 0.24, -0.135]
bbox_bone_v2_v1 = [-0.025, 0.215, -0.155, 0.025, 0.24, -0.135]
bbox_bone_v2_v3 = [-0.025, 0.207, -0.182, 0.025, 0.225, -0.16]
bbox_bone_v3_v2 = [-0.025, 0.2, -0.18, 0.025, 0.22, -0.16]
bbox_bone_v3_v4 = [-0.025, 0.2, -0.2, 0.025, 0.22, -0.18]
bbox_bone_v4_v3 = [-0.037, 0.2, -0.2, 0.03, 0.23, -0.18]
bbox_bone_v4_v5 = [-0.037, 0.2, -0.23, 0.03, 0.23, -0.212]
bbox_bone_v5_v4 = [-0.037, 0.2, -0.225, 0.03, 0.23, -0.205]

############    8   ###############
bbox_v1_t12 = [-0.135, 0.189, -0.26, -0.127, 0.258, -0.219]
bbox_v1_v2 = [-0.109, 0.189, -0.26, -0.09, 0.258, -0.219]
bbox_v2_v1 = [-0.109, 0.189, -0.25, -0.09, 0.258, -0.219]
bbox_v2_v3 = [-0.076, 0.189, -0.25, -0.02, 0.258, -0.215]
bbox_v3_v2 = [-0.076, 0.202, -0.25, -0.061, 0.258, -0.215]
bbox_v3_v4 = [-0.042, 0.202, -0.25, -0.03, 0.258, -0.215]
bbox_v4_v3 = [-0.041, 0.202, -0.247, -0.0265, 0.258, -0.215]
bbox_v4_v5 = [-0.009, 0.195, -0.247, 0.01, 0.258, -0.215]
bbox_v5_v4 = [-0.009, 0.195, -0.247, 0.01, 0.258, -0.215]
bbox_v5_s1 = [0.018, 0.195, -0.27, 0.04, 0.258, -0.215]

bbox_bone_v1_v2 = [-0.11, 0.195, -0.28, -0.088, 0.25, -0.255]
bbox_bone_v2_v1 = [-0.13, 0.195, -0.275, -0.088, 0.25, -0.255]
bbox_bone_v2_v3 = [-0.07, 0.195, -0.275, -0.06, 0.25, -0.25]
bbox_bone_v3_v2 = [-0.08, 0.195, -0.27, -0.06, 0.25, -0.25]
bbox_bone_v3_v4 = [-0.054, 0.19, -0.27, -0.027, 0.24, -0.25]
bbox_bone_v4_v3 = [-0.06, 0.19, -0.27, -0.027, 0.24, -0.25]
bbox_bone_v4_v5 = [-0.02, 0.18, -0.285, 0, 0.24, -0.26]
bbox_bone_v5_v4 = [-0.05, 0.18, -0.285, 0, 0.24, -0.26]

###################### 9 ####################
bbox_v1_t12 = [0.041, 0.175, -0.125, 0.051, 0.249, -0.084]
bbox_v1_v2 = [-0.001, 0.175, -0.125, 0.0195, 0.249, -0.084]
bbox_v2_v1 = [0.007, 0.175, -0.125, 0.0195, 0.249, -0.09]
bbox_v2_v3 = [-0.025, 0.175, -0.125, -0.016, 0.249, -0.09]
bbox_v3_v2 = [-0.028, 0.175, -0.125, -0.02, 0.249, -0.09]
bbox_v3_v4 = [-0.07, 0.175, -0.125, -0.05, 0.249, -0.09]
bbox_v4_v3 = [-0.064, 0.175, -0.125, -0.05, 0.249, -0.09]
bbox_v4_v5 = [-0.1, 0.175, -0.125, -0.086, 0.249, -0.09]
bbox_v5_v4 = [-0.102, 0.175, -0.125, -0.086, 0.249, -0.09]
bbox_v5_s1 = [-0.135, 0.175, -0.125, -0.123, 0.249, -0.09]

bbox_bone_v1_v2 = [0.00, 0.19, -0.085, 0.0195, 0.24, -0.06]
bbox_bone_v2_v1 = [0.00, 0.19, -0.085, 0.0195, 0.24, -0.06]
bbox_bone_v2_v3 = [-0.035, 0.19, -0.09, -0.018, 0.24, -0.065]
bbox_bone_v3_v2 = [-0.035, 0.19, -0.09, -0.02, 0.24, -0.065]
bbox_bone_v3_v4 = [-0.067, 0.19, -0.09, -0.048, 0.249, -0.065]
bbox_bone_v4_v3 = [-0.067, 0.19, -0.09, -0.04, 0.249, -0.065]
bbox_bone_v4_v5 = [-0.102, 0.19, -0.09, -0.08, 0.249, -0.065]
bbox_bone_v5_v4 = [-0.102, 0.19, -0.09, -0.08, 0.249, -0.065]

#########################   10
bbox_v1_t12 = [-0.0239, 0.2275, -0.0591, 0.0629, 0.2764, -0.0442]
bbox_v1_v2 = [-0.0239, 0.2275, -0.08, 0.0629, 0.272, -0.062]
bbox_v2_v1 = [-0.0239, 0.2275, -0.087, 0.0629, 0.266, -0.062]
bbox_v2_v3 = [-0.0239, 0.2265, -0.11, 0.0629, 0.262, -0.09]
bbox_v3_v2 = [-0.0239, 0.2, -0.115, 0.0629, 0.253, -0.09]
bbox_v3_v4 = [-0.0239, 0.2, -0.14, 0.0629, 0.248, -0.122]
bbox_v4_v3 = [-0.0239, 0.2, -0.15, 0.0629, 0.245, -0.122]
bbox_v4_v5 = [-0.0239, 0.2, -0.18, 0.0629, 0.245, -0.16]
bbox_v5_v4 = [-0.0239, 0.19, -0.187, 0.0629, 0.24, -0.16]
bbox_v5_s1 = [-0.0239, 0.19, -0.214, 0.0629, 0.24, -0.195]

bbox_bone_v1_v2 = [0.001, 0.272, -0.1, 0.0529, 0.295, -0.071]
bbox_bone_v2_v1 = [-0.0139, 0.267, -0.1, 0.0529, 0.287, -0.06]
bbox_bone_v2_v3 = [-0.0139, 0.26, -0.125, 0.0529, 0.283, -0.1]
bbox_bone_v3_v2 = [-0.0139, 0.255, -0.125, 0.0529, 0.277, -0.1]
bbox_bone_v3_v4 = [-0.0139, 0.245, -0.154, 0.0529, 0.268, -0.13]
bbox_bone_v4_v3 = [-0.0139, 0.245, -0.154, 0.0529, 0.268, -0.122]
bbox_bone_v4_v5 = [-0.0139, 0.24, -0.187, 0.0529, 0.268, -0.16]
bbox_bone_v5_v4 = [-0.0139, 0.24, -0.187, 0.0529, 0.268, -0.16]

################## 11
bbox_v1_t12 = [-0.0107704, 0.135271, -0.354967, 0.0500612, 0.181507, -0.340496]
bbox_v1_v2 = [-0.0127897, 0.121901, -0.400096, 0.0456939, 0.171898, -0.375932]
bbox_v2_v1 = [-0.0127897, 0.121901, -0.386096, 0.0456939, 0.171898, -0.375932]
bbox_v2_v3 = [-0.00754447, 0.111684, -0.431268, 0.0431485, 0.159903, -0.405794]
bbox_v3_v2 = [-0.00754447, 0.111684, -0.425268, 0.0431485, 0.159903, -0.405794]
bbox_v3_v4 = [-0.0107704, 0.108668, -0.471623, 0.0413052, 0.15466, -0.446542]
bbox_v4_v3 = [-0.0107704, 0.108668, -0.461623, 0.0413052, 0.15466, -0.446542]
bbox_v4_v5 = [-0.0183875, 0.109697, -0.503945, 0.0397053, 0.152198, -0.482246]
bbox_v5_v4 = [-0.0183875, 0.109697, -0.503945, 0.0397053, 0.152198, -0.482246]
bbox_v5_s1 = [-0.017748, 0.115515, -0.534114, 0.0390659, 0.159655, -0.516663]

bbox_bone_v1_v2 = [-0.00471449, 0.170497, -0.406592, 0.0438804, 0.193316, -0.384212]
bbox_bone_v2_v1 = [-0.00471449, 0.170497, -0.406592, 0.0438804, 0.193316, -0.384212]
bbox_bone_v2_v3 = [-0.00838941, 0.159132, -0.440831, 0.0423549, 0.186644, -0.414718]
bbox_bone_v3_v2 = [-0.00838941, 0.159132, -0.440831, 0.0423549, 0.186644, -0.414718]
bbox_bone_v3_v4 = [-0.0123128, 0.157463, -0.473206, 0.0404179, 0.178149, -0.446016]
bbox_bone_v4_v3 = [-0.0123128, 0.157463, -0.473206, 0.0404179, 0.178149, -0.446016]
bbox_bone_v4_v5 = [-0.0209582, 0.157449, -0.50327, 0.0440679, 0.177718, -0.475803]
bbox_bone_v5_v4 = [-0.0209582, 0.157449, -0.50327, 0.0440679, 0.177718, -0.475803]
################## 12

bbox_v1_t12 = [-0.0365691, 0.11586, -0.362915, 0.0178902, 0.155258, -0.355003]
bbox_v1_v2 = [-0.0385442, 0.10799, -0.390247, 0.0148511, 0.148103, -0.375862]
bbox_v2_v1 = [-0.0385442, 0.10799, -0.390247, 0.0148511, 0.148103, -0.375862]
bbox_v2_v3 = [-0.0404409, 0.099385, -0.424054, 0.012235, 0.14308, -0.409668]
bbox_v3_v2 = [-0.0404409, 0.099385, -0.424054, 0.012235, 0.14308, -0.409668]

bbox_v3_v4 = [-0.0396679, 0.102258, -0.455571, 0.0255376, 0.142372, -0.441186]
bbox_v4_v3 = [-0.0396679, 0.102258, -0.455571, 0.0255376, 0.142372, -0.441186]
bbox_v4_v5 = [-0.0368204, 0.109421, -0.495851, 0.0312859, 0.144521, -0.468518]
bbox_v5_v4 = [-0.0368204, 0.109421, -0.495851, 0.0312859, 0.144521, -0.468518]
bbox_v5_s1 = [-0.0381807, 0.11794, -0.518545, 0.0352966, 0.158812, -0.501932]

bbox_bone_v1_v2 = [-0.0303966, 0.153349, -0.404632, 0.0136333, 0.177586, -0.385605]
bbox_bone_v2_v1 = [-0.0303966, 0.153349, -0.404632, 0.0136333, 0.177586, -0.385605]
bbox_bone_v2_v3 = [-0.0298282, 0.148651, -0.432008, 0.0186567, 0.170277, -0.408632]
bbox_bone_v3_v2 = [-0.0298282, 0.148651, -0.432008, 0.0186567, 0.170277, -0.408632]
bbox_bone_v3_v4 = [-0.0308195, 0.144848, -0.45715, 0.0236273, 0.168128, -0.435405]
bbox_bone_v4_v3 = [-0.0308195, 0.144848, -0.45715, 0.0236273, 0.168128, -0.435405]
bbox_bone_v4_v5 = [-0.026747, 0.144025, -0.474732, 0.0293525, 0.172199, -0.458323]
bbox_bone_v5_v4 = [-0.026747, 0.144025, -0.474732, 0.0293525, 0.172199, -0.458323]

###################### 13
bbox_v1_t12 = [-0.0225372, 0.109078, -0.40512, 0.0228064, 0.146348, -0.388243]
bbox_v1_v2 = [-0.0267362, 0.101039, -0.435206, 0.0148511, 0.148103, -0.421264]
bbox_v2_v1 = [-0.0267362, 0.101039, -0.435206, 0.0148511, 0.148103, -0.421264]
bbox_v2_v3 = [-0.0219906, 0.0930002, -0.46676, 0.0259138, 0.12954, -0.448415]
bbox_v3_v2 = [-0.0219906, 0.0930002, -0.46676, 0.0259138, 0.12954, -0.448415]
bbox_v3_v4 = [-0.0196223, 0.0886075, -0.507447, 0.036674, 0.120762, -0.482498]
bbox_v4_v3 = [-0.0196223, 0.0886075, -0.507447, 0.036674, 0.120762, -0.482498]
bbox_v4_v5 = [-0.0274662, 0.0812997, -0.532397, 0.0312859, 0.118634, -0.519188]
bbox_v5_v4 = [-0.0274662, 0.0812997, -0.532397, 0.0312859, 0.118634, -0.519188]
bbox_v5_s1 = [-0.025588, 0.0868059, -0.565596, 0.0313627, 0.118324, -0.553369]

bbox_bone_v1_v2 = [-0.0250984, 0.141919, -0.450129, 0.0261701, 0.164125, -0.427831]
bbox_bone_v2_v1 = [-0.0250984, 0.141919, -0.450129, 0.0261701, 0.164125, -0.427831]
bbox_bone_v2_v3 = [-0.0258125, 0.132607, -0.480338, 0.0283168, 0.157666, -0.458041]
bbox_bone_v3_v2 = [-0.0258125, 0.132607, -0.480338, 0.0283168, 0.157666, -0.458041]
bbox_bone_v3_v4 = [-0.0209811, 0.12616, -0.515583, 0.0256343, 0.154097, -0.48897]
bbox_bone_v4_v3 = [-0.0209811, 0.12616, -0.515583, 0.0256343, 0.154097, -0.48897]
bbox_bone_v4_v5 = [-0.0263498, 0.123355, -0.544018, 0.031003, 0.147684, -0.521001]
bbox_bone_v5_v4 = [-0.0263498, 0.123355, -0.544018, 0.031003, 0.147684, -0.521001]

#################################  14
[-0.0368868, 0.0618011, -0.319603, 0.0101893, 0.0959398, -0.310338]
[-0.0338871, 0.0581104, -0.352957, 0.0104191, 0.0894811, -0.338596]
[-0.0338871, 0.0581104, -0.352957, 0.0104191, 0.0894811, -0.338596]
[-0.0343105, 0.0484098, -0.376846, 0.0152943, 0.0816258, -0.362949]
[-0.0343105, 0.0484098, -0.376846, 0.0152943, 0.0816258, -0.362949]
[-0.0374403, 0.0387444, -0.406647, 0.0248827, 0.0724218, -0.385801]
[-0.0374403, 0.0387444, -0.406647, 0.0248827, 0.0724218, -0.385801]
[-0.0215067, 0.0323159, -0.436645, 0.0274513, 0.0646093, -0.420787]
[-0.0215067, 0.0323159, -0.436645, 0.0274513, 0.0646093, -0.420787]
[-0.0237078, 0.036478, -0.466633, 0.0300961, 0.066926, -0.452848]
[-0.0284107, 0.0935076, -0.364092, 0.0138307, 0.118086, -0.34585]
[-0.0284107, 0.0935076, -0.364092, 0.0138307, 0.118086, -0.34585]
[-0.0300255, 0.0892332, -0.393064, 0.0199284, 0.106331, -0.374911]
[-0.0300255, 0.0892332, -0.393064, 0.0199284, 0.106331, -0.374911]
[-0.0266599, 0.0778326, -0.422101, 0.0255518, 0.0974392, -0.402917]
[-0.0266599, 0.0778326, -0.422101, 0.0255518, 0.0974392, -0.402917]
[-0.0265344, 0.069509, -0.439317, 0.0310597, 0.0930062, -0.422101]
[-0.0265344, 0.069509, -0.439317, 0.0310597, 0.0930062, -0.422101]
#################################  15
[-0.0129888, 0.123284, -0.440697, 0.0275889, 0.155004, -0.427873]
[-0.0161055, 0.116591, -0.473795, 0.0293431, 0.147073, -0.457859]
[-0.0161055, 0.116591, -0.473795, 0.0293431, 0.147073, -0.457859]
[-0.0176058, 0.103745, -0.504225, 0.0286328, 0.136714, -0.488902]
[-0.0176058, 0.103745, -0.504225, 0.0286328, 0.136714, -0.488902]
[-0.0174557, 0.093781, -0.536118, 0.030165, 0.127366, -0.520485]
[-0.0174557, 0.093781, -0.536118, 0.030165, 0.127366, -0.520485]
[-0.0191668, 0.0906739, -0.570289, 0.0306323, 0.121771, -0.554031]
[-0.0191668, 0.0906739, -0.570289, 0.0306323, 0.121771, -0.554031]
[-0.0197038, 0.0950275, -0.598428, 0.032889, 0.126747, -0.585922]
[-0.0152712, 0.150305, -0.483938, 0.0252005, 0.170863, -0.46768]
[-0.0152712, 0.150305, -0.483938, 0.0252005, 0.170863, -0.46768]
[-0.0161251, 0.13911, -0.517079, 0.028396, 0.159644, -0.497695]
[-0.0161251, 0.13911, -0.517079, 0.028396, 0.159644, -0.497695]
[-0.018454, 0.129768, -0.544283, 0.0301029, 0.150292, -0.528025]
[-0.018454, 0.129768, -0.544283, 0.0301029, 0.150292, -0.528025]
[-0.023743, 0.123551, -0.570819, 0.0341481, 0.147817, -0.557062]
[-0.023743, 0.123551, -0.570819, 0.0341481, 0.147817, -0.557062]
#################################  16
[-0.0352999, 0.0748347, -0.424602, 0.0194232, 0.109214, -0.404156]
[-0.0454286, 0.0734512, -0.447164, 0.0142088, 0.105007, -0.430948]
[-0.0454286, 0.0734512, -0.447164, 0.0142088, 0.105007, -0.430948]
[-0.0485842, 0.0629326, -0.47889, 0.013157, 0.101523, -0.463379]
[-0.0485842, 0.0629326, -0.47889, 0.013157, 0.101523, -0.463379]
[-0.0489491, 0.0615162, -0.517465, 0.019833, 0.091715, -0.494904]
[-0.0489491, 0.0615162, -0.517465, 0.019833, 0.091715, -0.494904]
[-0.0387955, 0.0622695, -0.547291, 0.0187534, 0.0938252, -0.529665]
[-0.0387955, 0.0622695, -0.547291, 0.0187534, 0.0938252, -0.529665]
[-0.0392546, 0.0706629, -0.577352, 0.0183044, 0.100119, -0.5562]
[-0.0369762, 0.114812, -0.454032, 0.0104162, 0.135152, -0.434291]
[-0.0369762, 0.114812, -0.454032, 0.0104162, 0.135152, -0.434291]
[-0.0418849, 0.105685, -0.487874, 0.00831245, 0.13024, -0.465313]
[-0.0418849, 0.105685, -0.487874, 0.00831245, 0.13024, -0.465313]
[-0.0436332, 0.101481, -0.518896, 0.0114633, 0.123929, -0.493514]
[-0.0436332, 0.101481, -0.518896, 0.0114633, 0.123929, -0.493514]
[-0.0359196, 0.0994028, -0.543276, 0.0156707, 0.126751, -0.52283]
[-0.0359196, 0.0994028, -0.543276, 0.0156707, 0.126751, -0.52283]

#################################  17
[-0.0073962, 0.0980515, -0.340078, 0.0354308, 0.126822, -0.330912]
[-0.00687404, 0.0910342, -0.371805, 0.0342069, 0.124727, -0.359114]
[-0.00687404, 0.0910342, -0.371805, 0.0342069, 0.124727, -0.359114]
[-0.0130125, 0.0854204, -0.401416, 0.0333281, 0.119805, -0.390135]
[-0.0130125, 0.0854204, -0.401416, 0.0333281, 0.119805, -0.390135]
[-0.0209111, 0.0812306, -0.433417, 0.0278938, 0.116317, -0.418611]
[-0.0209111, 0.0812306, -0.433417, 0.0278938, 0.116317, -0.418611]
[-0.0217941, 0.0819391, -0.472529, 0.0273733, 0.114219, -0.452788]
[-0.0217941, 0.0819391, -0.472529, 0.0273733, 0.114219, -0.452788]
[-0.0203931, 0.0910616, -0.504961, 0.0287792, 0.119833, -0.483104]
[-0.0169484, 0.129603, -0.383575, 0.0304712, 0.151363, -0.359604]
[-0.0169484, 0.129603, -0.383575, 0.0304712, 0.151363, -0.359604]
[-0.0210692, 0.128917, -0.411004, 0.0277105, 0.151303, -0.391263]
[-0.0210692, 0.128917, -0.411004, 0.0277105, 0.151303, -0.391263]
[-0.0258707, 0.121189, -0.443723, 0.0261168, 0.146464, -0.423277]
[-0.0258707, 0.121189, -0.443723, 0.0261168, 0.146464, -0.423277]
[-0.0276201, 0.119785, -0.4684, 0.0285679, 0.147867, -0.445838]
[-0.0276201, 0.119785, -0.4684, 0.0285679, 0.147867, -0.445838]
#################################  18
[-0.0257443, 0.130645, -0.269775, 0.014625, 0.162222, -0.261315]
[-0.0241687, 0.127838, -0.303617, 0.0179615, 0.15731, -0.290221]
[-0.0241687, 0.127838, -0.303617, 0.0179615, 0.15731, -0.290221]
[-0.0241985, 0.124329, -0.336048, 0.0193385, 0.153802, -0.323358]
[-0.0241985, 0.124329, -0.336048, 0.0193385, 0.153802, -0.323358]
[-0.0236738, 0.121508, -0.370755, 0.0244277, 0.148876, -0.356654]
[-0.0236738, 0.121508, -0.370755, 0.0244277, 0.148876, -0.356654]
[-0.0236755, 0.121508, -0.403187, 0.027938, 0.148876, -0.389086]
[-0.0236755, 0.121508, -0.403187, 0.027938, 0.148876, -0.389086]
[-0.0245824, 0.1289, -0.436324, 0.0264813, 0.152385, -0.419403]
[-0.0292934, 0.164961, -0.311271, 0.0181179, 0.18882, -0.293645]
[-0.0292934, 0.164961, -0.311271, 0.0181179, 0.18882, -0.293645]
[-0.0278908, 0.160751, -0.345113, 0.0223291, 0.181819, -0.325372]
[-0.0278908, 0.160751, -0.345113, 0.0223291, 0.181819, -0.325372]
[-0.0273662, 0.155838, -0.378955, 0.023208, 0.175487, -0.359214]
[-0.0273662, 0.155838, -0.378955, 0.023208, 0.175487, -0.359214]
[-0.0296749, 0.155154, -0.404678, 0.026864, 0.178324, -0.387052]
[-0.0296749, 0.155154, -0.404678, 0.026864, 0.178324, -0.387052]
#################################  19
[-0.0247725, 0.139157, -0.356193, 0.014895, 0.169331, -0.344912]
[-0.0242537, 0.132841, -0.38933, 0.0136744, 0.163016, -0.372409]
[-0.0242537, 0.132841, -0.38933, 0.0136744, 0.163016, -0.372409]
[-0.0291716, 0.127227, -0.425992, 0.0108733, 0.158805, -0.406251]
[-0.0291716, 0.127227, -0.425992, 0.0108733, 0.158805, -0.406251]
[-0.0326777, 0.12442, -0.454353, 0.0150812, 0.157402, -0.436727]
[-0.0326777, 0.12442, -0.454353, 0.0150812, 0.157402, -0.436727]
[-0.0303996, 0.126526, -0.489605, 0.0170134, 0.158103, -0.469864]
[-0.0303996, 0.126526, -0.489605, 0.0170134, 0.158103, -0.469864]
[-0.0325655, 0.132115, -0.511903, 0.0208073, 0.165097, -0.492867]
[-0.0384996, 0.172066, -0.397997, 0.012763, 0.194521, -0.380371]
[-0.0384996, 0.172066, -0.397997, 0.012763, 0.194521, -0.380371]
[-0.0351416, 0.165049, -0.429724, 0.0129698, 0.188206, -0.411393]
[-0.0351416, 0.165049, -0.429724, 0.0129698, 0.188206, -0.411393]
[-0.0396744, 0.162101, -0.459335, 0.012264, 0.186101, -0.437479]
[-0.0396744, 0.162101, -0.459335, 0.012264, 0.186101, -0.437479]
[-0.0409334, 0.165066, -0.486563, 0.0180598, 0.186813, -0.465411]
[-0.0409334, 0.165066, -0.486563, 0.0180598, 0.186813, -0.465411]
#################################  20
[-0.0340896, 0.210004, -0.413964, -0.00414428, 0.228632, -0.37701]
[-0.0460678, 0.176474, -0.4162, -0.0131279, 0.195102, -0.376265]
[-0.0460678, 0.176474, -0.4162, -0.0131279, 0.195102, -0.376265]
[-0.0550514, 0.143688, -0.418063, -0.0213629, 0.160081, -0.375892]
[-0.0550514, 0.143688, -0.418063, -0.0213629, 0.160081, -0.375892]
[-0.0565487, 0.109413, -0.420669, -0.0273519, 0.12506, -0.375521]
[-0.0565487, 0.109413, -0.420669, -0.0273519, 0.12506, -0.375521]
[-0.0543028, 0.0706663, -0.419923, -0.0243574, 0.0922749, -0.379248]
[-0.0543028, 0.0706663, -0.419923, -0.0243574, 0.0922749, -0.379248]
[-0.0460678, 0.0416066, -0.419366, -0.0161224, 0.0617249, -0.376824]
[-0.00863608, 0.166787, -0.41991, 0.011577, 0.185415, -0.377025]
[-0.00863608, 0.166787, -0.41991, 0.011577, 0.185415, -0.377025]
[-0.0161224, 0.132511, -0.421406, 0.00783387, 0.153375, -0.374785]
[-0.0161224, 0.132511, -0.421406, 0.00783387, 0.153375, -0.374785]
[-0.0206142, 0.104942, -0.427179, 0.00259343, 0.12357, -0.370502]
[-0.0206142, 0.104942, -0.427179, 0.00259343, 0.12357, -0.370502]
[-0.019117, 0.0781176, -0.430532, 0.00109616, 0.0960005, -0.37162]
[-0.019117, 0.0781176, -0.430532, 0.00109616, 0.0960005, -0.37162]
#################################  21
[-0.02028, 0.0413003, -0.41291, 0.0119112, 0.0532223, -0.36999]
[-0.0262691, 0.00702471, -0.411048, 0.00592215, 0.0293784, -0.371853]
[-0.0262691, 0.00702471, -0.411048, 0.00592215, 0.0293784, -0.371853]
[-0.0374986, -0.0212899, -0.41305, -0.00306146, -0.00415212, -0.37036]
[-0.0374986, -0.0212899, -0.41305, -0.00306146, -0.00415212, -0.37036]
[-0.0461895, -0.0537138, -0.413037, -0.0117004, -0.0339939, -0.368404]
[-0.0461895, -0.0537138, -0.413037, -0.0117004, -0.0339939, -0.368404]
[-0.0476571, -0.0865804, -0.413399, -0.0161033, -0.0712426, -0.368042]
[-0.0476571, -0.0865804, -0.413399, -0.0161033, -0.0712426, -0.368042]
[-0.040319, -0.116525, -0.412301, -0.0109666, -0.101918, -0.368409]
[0.0147167, -0.000397002, -0.411918, 0.0352634, 0.0171318, -0.366952]
[0.0147167, -0.000397002, -0.411918, 0.0352634, 0.0171318, -0.366952]
[0.00517722, -0.0339939, -0.411367, 0.0257239, -0.014274, -0.368233]
[0.00517722, -0.0339939, -0.411367, 0.0257239, -0.014274, -0.368233]
[-0.0036285, -0.0632086, -0.414108, 0.0183858, -0.0456798, -0.365492]
[-0.0036285, -0.0632086, -0.414108, 0.0183858, -0.0456798, -0.365492]
[-0.00653468, -0.0916929, -0.415425, 0.017652, -0.0712426, -0.360241]
[-0.00653468, -0.0916929, -0.415425, 0.017652, -0.0712426, -0.360241]
#################################  22
[-0.020546, 0.0570468, -0.318968, 0.0236508, 0.0901337, -0.301787]
[-0.0216687, 0.049854, -0.346889, 0.0232474, 0.0836501, -0.328275]
[-0.0216687, 0.049854, -0.346889, 0.0232474, 0.0836501, -0.328275]
[-0.0208661, 0.0448191, -0.378389, 0.025497, 0.0771867, -0.360491]
[-0.0208661, 0.0448191, -0.378389, 0.025497, 0.0771867, -0.360491]
[-0.0187058, 0.0448191, -0.414184, 0.0312487, 0.077906, -0.394854]
[-0.0187058, 0.0448191, -0.414184, 0.0312487, 0.077906, -0.394854]
[-0.0172689, 0.0484155, -0.445684, 0.0334083, 0.0829409, -0.426354]
[-0.0172689, 0.0484155, -0.445684, 0.0334083, 0.0829409, -0.426354]
[-0.0221232, 0.0520119, -0.47432, 0.0440168, 0.090853, -0.454275]
[-0.0210796, 0.0872566, -0.35548, 0.0220266, 0.108835, -0.335434]
[-0.0210796, 0.0872566, -0.35548, 0.0220266, 0.108835, -0.335434]
[-0.0198209, 0.0850987, -0.388411, 0.0279606, 0.107396, -0.368366]
[-0.0198209, 0.0850987, -0.388411, 0.0279606, 0.107396, -0.368366]
[-0.0179806, 0.085818, -0.418479, 0.029085, 0.108116, -0.393423]
[-0.0179806, 0.085818, -0.418479, 0.029085, 0.108116, -0.393423]
[-0.0244532, 0.0894212, -0.437809, 0.0333998, 0.115308, -0.419911]
[-0.0244532, 0.0894212, -0.437809, 0.0333998, 0.115308, -0.419911]